image: NISW4.pgm
resolution: 0.030000
origin: [-3.411974, -12.718370, 0.000000]
negate: 0
occupied_thresh: 0.65
free_thresh: 0.196

